#   X         Y1         Y2         Y3
   -1.0000    0.0000     0.0000     1.0000
   -0.9000    0.5700     1.1769     0.7150
   -0.8000    1.0800     1.4400     0.4600
   -0.7000    1.5300     1.4997     0.2350
   -0.6000    1.9200     1.4400     0.0400
   -0.5000    2.2500     1.2990    -0.1250
   -0.4000    2.5200     1.0998    -0.2600
   -0.3000    2.7300     0.8585    -0.3650
   -0.2000    2.8800     0.5879    -0.4400
   -0.1000    2.9700     0.2985    -0.4850
    0.0000    3.0000    -0.0000    -0.5000
    0.1000    2.9700    -0.2985    -0.4850
    0.2000    2.8800    -0.5879    -0.4400
    0.3000    2.7300    -0.8585    -0.3650
    0.4000    2.5200    -1.0998    -0.2600
    0.5000    2.2500    -1.2990    -0.1250
    0.6000    1.9200    -1.4400     0.0400
    0.7000    1.5300    -1.4997     0.2350
    0.8000    1.0800    -1.4400     0.4600
    0.9000    0.5700    -1.1769     0.7150
    1.0000    0.0000    -0.0000     1.0000
