>> [N, info] = MPI_Recv (0, 1974, MPI_COMM_WORLD)
N =  100
info = 0
>> [n, info] = MPI_Recv (0, 1974, MPI_COMM_WORLD)
n =  50
info = 0
>> [m1, info] = MPI_Recv (0, 1974, MPI_COMM_WORLD)
m1 =

Compressed Column Sparse (rows = 100, cols = 50, nnz = 149 [3%])

  (50, 1) -> -1
  (51, 1) ->  2
  (52, 1) -> -1
  (51, 2) -> -1
  (52, 2) ->  2
  (53, 2) -> -1
  (52, 3) -> -1
  (53, 3) ->  2
  (54, 3) -> -1
  (53, 4) -> -1
  (54, 4) ->  2
  (55, 4) -> -1
  (54, 5) -> -1
  (55, 5) ->  2
  (56, 5) -> -1
  (55, 6) -> -1
  (56, 6) ->  2
  (57, 6) -> -1
  (56, 7) -> -1
  (57, 7) ->  2
  (58, 7) -> -1
  (57, 8) -> -1
  (58, 8) ->  2
  (59, 8) -> -1
  (58, 9) -> -1
  (59, 9) ->  2
  (60, 9) -> -1
  (59, 10) -> -1
  (60, 10) ->  2
  (61, 10) -> -1
  (60, 11) -> -1
  (61, 11) ->  2
  (62, 11) -> -1
  (61, 12) -> -1
  (62, 12) ->  2
  (63, 12) -> -1
  (62, 13) -> -1
  (63, 13) ->  2
  (64, 13) -> -1
  (63, 14) -> -1
  (64, 14) ->  2
  (65, 14) -> -1
  (64, 15) -> -1
  (65, 15) ->  2
  (66, 15) -> -1
  (65, 16) -> -1
  (66, 16) ->  2
  (67, 16) -> -1
  (66, 17) -> -1
  (67, 17) ->  2
  (68, 17) -> -1
  (67, 18) -> -1
  (68, 18) ->  2
  (69, 18) -> -1
  (68, 19) -> -1
  (69, 19) ->  2
  (70, 19) -> -1
  (69, 20) -> -1
  (70, 20) ->  2
  (71, 20) -> -1
  (70, 21) -> -1
  (71, 21) ->  2
  (72, 21) -> -1
  (71, 22) -> -1
  (72, 22) ->  2
  (73, 22) -> -1
  (72, 23) -> -1
  (73, 23) ->  2
  (74, 23) -> -1
  (73, 24) -> -1
  (74, 24) ->  2
  (75, 24) -> -1
  (74, 25) -> -1
  (75, 25) ->  2
  (76, 25) -> -1
  (75, 26) -> -1
  (76, 26) ->  2
  (77, 26) -> -1
  (76, 27) -> -1
  (77, 27) ->  2
  (78, 27) -> -1
  (77, 28) -> -1
  (78, 28) ->  2
  (79, 28) -> -1
  (78, 29) -> -1
  (79, 29) ->  2
  (80, 29) -> -1
  (79, 30) -> -1
  (80, 30) ->  2
  (81, 30) -> -1
  (80, 31) -> -1
  (81, 31) ->  2
  (82, 31) -> -1
  (81, 32) -> -1
  (82, 32) ->  2
  (83, 32) -> -1
  (82, 33) -> -1
  (83, 33) ->  2
  (84, 33) -> -1
  (83, 34) -> -1
  (84, 34) ->  2
  (85, 34) -> -1
  (84, 35) -> -1
  (85, 35) ->  2
  (86, 35) -> -1
  (85, 36) -> -1
  (86, 36) ->  2
  (87, 36) -> -1
  (86, 37) -> -1
  (87, 37) ->  2
  (88, 37) -> -1
  (87, 38) -> -1
  (88, 38) ->  2
  (89, 38) -> -1
  (88, 39) -> -1
  (89, 39) ->  2
  (90, 39) -> -1
  (89, 40) -> -1
  (90, 40) ->  2
  (91, 40) -> -1
  (90, 41) -> -1
  (91, 41) ->  2
  (92, 41) -> -1
  (91, 42) -> -1
  (92, 42) ->  2
  (93, 42) -> -1
  (92, 43) -> -1
  (93, 43) ->  2
  (94, 43) -> -1
  (93, 44) -> -1
  (94, 44) ->  2
  (95, 44) -> -1
  (94, 45) -> -1
  (95, 45) ->  2
  (96, 45) -> -1
  (95, 46) -> -1
  (96, 46) ->  2
  (97, 46) -> -1
  (96, 47) -> -1
  (97, 47) ->  2
  (98, 47) -> -1
  (97, 48) -> -1
  (98, 48) ->  2
  (99, 48) -> -1
  (98, 49) -> -1
  (99, 49) ->  2
  (100, 49) -> -1
  (99, 50) -> -1
  (100, 50) ->  2

info = 0
>> [x1, info] = MPI_Recv (0, 1974, MPI_COMM_WORLD)
x1 =

    51
    52
    53
    54
    55
    56
    57
    58
    59
    60
    61
    62
    63
    64
    65
    66
    67
    68
    69
    70
    71
    72
    73
    74
    75
    76
    77
    78
    79
    80
    81
    82
    83
    84
    85
    86
    87
    88
    89
    90
    91
    92
    93
    94
    95
    96
    97
    98
    99
   100

info = 0
>> b1 = m1 * x1
b1 =

     0
     0
     0
     0
     0
     0
     0
     0
     0
     0
     0
     0
     0
     0
     0
     0
     0
     0
     0
     0
     0
     0
     0
     0
     0
     0
     0
     0
     0
     0
     0
     0
     0
     0
     0
     0
     0
     0
     0
     0
     0
     0
     0
     0
     0
     0
     0
     0
     0
   -51
    50
     0
     0
     0
     0
     0
     0
     0
     0
     0
     0
     0
     0
     0
     0
     0
     0
     0
     0
     0
     0
     0
     0
     0
     0
     0
     0
     0
     0
     0
     0
     0
     0
     0
     0
     0
     0
     0
     0
     0
     0
     0
     0
     0
     0
     0
     0
     0
     0
   101

>> info = MPI_Send (b1, 0, 1974, MPI_COMM_WORLD)
info = 0
>> MPI_Finalize
ans = 0
>> exit
