0, 3, 5, 5
0.01, 3.05, 5.0009, 5.0009
0.02, 3.10002, 5.0036, 5.0036
0.03, 3.15008, 5.0081, 5.0081
0.04, 3.20019, 5.0144, 5.0144
0.05, 3.25038, 5.0225, 5.0225
0.06, 3.30065, 5.0324, 5.0324
0.07, 3.35103, 5.0441, 5.0441
0.08, 3.40154, 5.0576, 5.0576
0.09, 3.45219, 5.0729, 5.0729
0.1, 3.503, 5.09, 5.09
0.11, 3.55399, 5.1089, 5.1089
0.12, 3.60518, 5.1296, 5.1296
0.13, 3.65659, 5.1521, 5.1521
0.14, 3.70823, 5.1764, 5.1764
0.15, 3.76012, 5.2025, 5.2025
0.16, 3.81229, 5.2304, 5.2304
0.17, 3.86474, 5.2601, 5.2601
0.18, 3.9175, 5.2916, 5.2916
0.19, 3.97058, 5.3249, 5.3249
0.2, 4.024, 5.36, 5.36
0.21, 4.07778, 5.3969, 5.3969
0.22, 4.13194, 5.4356, 5.4356
0.23, 4.1865, 5.4761, 5.4761
0.24, 4.24147, 5.5184, 5.5184
0.25, 4.29688, 5.5625, 5.5625
0.26, 4.35273, 5.6084, 5.6084
0.27, 4.40905, 5.6561, 5.6561
0.28, 4.46586, 5.7056, 5.7056
0.29, 4.52317, 5.7569, 5.7569
0.3, 4.581, 5.81, 5.81
0.31, 4.63937, 5.8649, 5.8649
0.32, 4.6983, 5.9216, 5.9216
0.33, 4.75781, 5.9801, 5.9801
0.34, 4.81791, 6.0404, 6.0404
0.35, 4.87863, 6.1025, 6.1025
0.36, 4.93997, 6.1664, 6.1664
0.37, 5.00196, 6.2321, 6.2321
0.38, 5.06462, 6.2996, 6.2996
0.39, 5.12796, 6.3689, 6.3689
0.4, 5.192, 6.44, 6.44
0.41, 5.25676, 6.5129, 6.5129
0.42, 5.32226, 6.5876, 6.5876
0.43, 5.38852, 6.6641, 6.6641
0.44, 5.45555, 6.7424, 6.7424
0.45, 5.52338, 6.8225, 6.8225
0.46, 5.59201, 6.9044, 6.9044
0.47, 5.66147, 6.9881, 6.9881
0.48, 5.73178, 7.0736, 7.0736
0.49, 5.80295, 7.1609, 7.1609
0.5, 5.875, 7.25, 7.25
0.51, 5.94795, 7.3409, 7.3409
0.52, 6.02182, 7.4336, 7.4336
0.53, 6.09663, 7.5281, 7.5281
0.54, 6.17239, 7.6244, 7.6244
0.55, 6.24913, 7.7225, 7.7225
0.56, 6.32685, 7.8224, 7.8224
0.57, 6.40558, 7.9241, 7.9241
0.58, 6.48534, 8.0276, 8.0276
0.59, 6.56614, 8.1329, 8.1329
0.6, 6.648, 8.24, 8.24
0.61, 6.73094, 8.3489, 8.3489
0.62, 6.81498, 8.4596, 8.4596
0.63, 6.90014, 8.5721, 8.5721
0.64, 6.98643, 8.6864, 8.6864
0.65, 7.07388, 8.8025, 8.8025
0.66, 7.16249, 8.9204, 8.9204
0.67, 7.25229, 9.0401, 9.0401
0.68, 7.3433, 9.1616, 9.1616
0.69, 7.43553, 9.2849, 9.2849
0.7, 7.529, 9.41, 9.41
0.71, 7.62373, 9.5369, 9.5369
0.72, 7.71974, 9.6656, 9.6656
0.73, 7.81705, 9.7961, 9.7961
0.74, 7.91567, 9.9284, 9.9284
0.75, 8.01563, 10.0625, 10.0625
0.76, 8.11693, 10.1984, 10.1984
0.77, 8.2196, 10.3361, 10.3361
0.78, 8.32366, 10.4756, 10.4756
0.79, 8.42912, 10.6169, 10.6169
0.8, 8.536, 10.76, 10.76
0.81, 8.64432, 10.9049, 10.9049
0.82, 8.7541, 11.0516, 11.0516
0.83, 8.86536, 11.2001, 11.2001
0.84, 8.97811, 11.3504, 11.3504
0.85, 9.09238, 11.5025, 11.5025
0.86, 9.20817, 11.6564, 11.6564
0.87, 9.32551, 11.8121, 11.8121
0.88, 9.44442, 11.9696, 11.9696
0.89, 9.56491, 12.1289, 12.1289
0.9, 9.687, 12.29, 12.29
0.91, 9.81071, 12.4529, 12.4529
0.92, 9.93606, 12.6176, 12.6176
0.93, 10.0631, 12.7841, 12.7841
0.94, 10.1918, 12.9524, 12.9524
0.95, 10.3221, 13.1225, 13.1225
0.96, 10.4542, 13.2944, 13.2944
0.97, 10.588, 13.4681, 13.4681
0.98, 10.7236, 13.6436, 13.6436
0.99, 10.8609, 13.8209, 13.8209
1, 11, 14, 14
1.01, 11.1409, 14.1809, 14.1809
1.02, 11.2836, 14.3636, 14.3636
1.03, 11.4282, 14.5481, 14.5481
1.04, 11.5746, 14.7344, 14.7344
1.05, 11.7229, 14.9225, 14.9225
1.06, 11.873, 15.1124, 15.1124
1.07, 12.0251, 15.3041, 15.3041
1.08, 12.1791, 15.4976, 15.4976
1.09, 12.3351, 15.6929, 15.6929
1.1, 12.493, 15.89, 15.89
1.11, 12.6529, 16.0889, 16.0889
1.12, 12.8148, 16.2896, 16.2896
1.13, 12.9787, 16.4921, 16.4921
1.14, 13.1446, 16.6964, 16.6964
1.15, 13.3126, 16.9025, 16.9025
1.16, 13.4827, 17.1104, 17.1104
1.17, 13.6548, 17.3201, 17.3201
1.18, 13.8291, 17.5316, 17.5316
1.19, 14.0055, 17.7449, 17.7449
1.2, 14.184, 17.96, 17.96
1.21, 14.3647, 18.1769, 18.1769
1.22, 14.5475, 18.3956, 18.3956
1.23, 14.7326, 18.6161, 18.6161
1.24, 14.9199, 18.8384, 18.8384
1.25, 15.1094, 19.0625, 19.0625
1.26, 15.3011, 19.2884, 19.2884
1.27, 15.4951, 19.5161, 19.5161
1.28, 15.6915, 19.7456, 19.7456
1.29, 15.8901, 19.9769, 19.9769
1.3, 16.091, 20.21, 20.21
1.31, 16.2943, 20.4449, 20.4449
1.32, 16.4999, 20.6816, 20.6816
1.33, 16.7079, 20.9201, 20.9201
1.34, 16.9183, 21.1604, 21.1604
1.35, 17.1311, 21.4025, 21.4025
1.36, 17.3464, 21.6464, 21.6464
1.37, 17.5641, 21.8921, 21.8921
1.38, 17.7842, 22.1396, 22.1396
1.39, 18.0069, 22.3889, 22.3889
1.4, 18.232, 22.64, 22.64
1.41, 18.4597, 22.8929, 22.8929
1.42, 18.6899, 23.1476, 23.1476
1.43, 18.9226, 23.4041, 23.4041
1.44, 19.158, 23.6624, 23.6624
1.45, 19.3959, 23.9225, 23.9225
1.46, 19.6364, 24.1844, 24.1844
1.47, 19.8796, 24.4481, 24.4481
1.48, 20.1254, 24.7136, 24.7136
1.49, 20.3738, 24.9809, 24.9809
1.5, 20.625, 25.25, 25.25
1.51, 20.8789, 25.5209, 25.5209
1.52, 21.1354, 25.7936, 25.7936
1.53, 21.3947, 26.0681, 26.0681
1.54, 21.6568, 26.3444, 26.3444
1.55, 21.9216, 26.6225, 26.6225
1.56, 22.1892, 26.9024, 26.9024
1.57, 22.4597, 27.1841, 27.1841
1.58, 22.7329, 27.4676, 27.4676
1.59, 23.009, 27.7529, 27.7529
1.6, 23.288, 28.04, 28.04
1.61, 23.5698, 28.3289, 28.3289
1.62, 23.8546, 28.6196, 28.6196
1.63, 24.1422, 28.9121, 28.9121
1.64, 24.4328, 29.2064, 29.2064
1.65, 24.7264, 29.5025, 29.5025
1.66, 25.0229, 29.8004, 29.8004
1.67, 25.3224, 30.1001, 30.1001
1.68, 25.6249, 30.4016, 30.4016
1.69, 25.9304, 30.7049, 30.7049
1.7, 26.239, 31.01, 31.01
1.71, 26.5506, 31.3169, 31.3169
1.72, 26.8653, 31.6256, 31.6256
1.73, 27.1832, 31.9361, 31.9361
1.74, 27.5041, 32.2484, 32.2484
1.75, 27.8281, 32.5625, 32.5625
1.76, 28.1553, 32.8784, 32.8784
1.77, 28.4857, 33.1961, 33.1961
1.78, 28.8193, 33.5156, 33.5156
1.79, 29.156, 33.8369, 33.8369
1.8, 29.496, 34.16, 34.16
1.81, 29.8392, 34.4849, 34.4849
1.82, 30.1857, 34.8116, 34.8116
1.83, 30.5355, 35.1401, 35.1401
1.84, 30.8885, 35.4704, 35.4704
1.85, 31.2449, 35.8025, 35.8025
1.86, 31.6046, 36.1364, 36.1364
1.87, 31.9676, 36.4721, 36.4721
1.88, 32.334, 36.8096, 36.8096
1.89, 32.7038, 37.1489, 37.1489
1.9, 33.077, 37.49, 37.49
1.91, 33.4536, 37.8329, 37.8329
1.92, 33.8337, 38.1776, 38.1776
1.93, 34.2172, 38.5241, 38.5241
1.94, 34.6042, 38.8724, 38.8724
1.95, 34.9946, 39.2225, 39.2225
1.96, 35.3886, 39.5744, 39.5744
1.97, 35.7861, 39.9281, 39.9281
1.98, 36.1872, 40.2836, 40.2836
1.99, 36.5918, 40.6409, 40.6409
2, 37, 41, 41
2.01, 37.4118, 41.3609, 41.3609
2.02, 37.8272, 41.7236, 41.7236
2.03, 38.2463, 42.0881, 42.0881
2.04, 38.669, 42.4544, 42.4544
2.05, 39.0954, 42.8225, 42.8225
2.06, 39.5254, 43.1924, 43.1924
2.07, 39.9592, 43.5641, 43.5641
2.08, 40.3967, 43.9376, 43.9376
2.09, 40.838, 44.3129, 44.3129
2.1, 41.283, 44.69, 44.69
2.11, 41.7318, 45.0689, 45.0689
2.12, 42.1844, 45.4496, 45.4496
2.13, 42.6408, 45.8321, 45.8321
2.14, 43.101, 46.2164, 46.2164
2.15, 43.5651, 46.6025, 46.6025
2.16, 44.0331, 46.9904, 46.9904
2.17, 44.5049, 47.3801, 47.3801
2.18, 44.9807, 47.7716, 47.7716
2.19, 45.4604, 48.1649, 48.1649
2.2, 45.944, 48.56, 48.56
2.21, 46.4316, 48.9569, 48.9569
2.22, 46.9231, 49.3556, 49.3556
2.23, 47.4187, 49.7561, 49.7561
2.24, 47.9183, 50.1584, 50.1584
2.25, 48.4219, 50.5625, 50.5625
2.26, 48.9295, 50.9684, 50.9684
2.27, 49.4412, 51.3761, 51.3761
2.28, 49.9571, 51.7856, 51.7856
2.29, 50.477, 52.1969, 52.1969
2.3, 51.001, 52.61, 52.61
2.31, 51.5292, 53.0249, 53.0249
2.32, 52.0615, 53.4416, 53.4416
2.33, 52.598, 53.8601, 53.8601
2.34, 53.1387, 54.2804, 54.2804
2.35, 53.6836, 54.7025, 54.7025
2.36, 54.2328, 55.1264, 55.1264
2.37, 54.7862, 55.5521, 55.5521
2.38, 55.3438, 55.9796, 55.9796
2.39, 55.9058, 56.4089, 56.4089
2.4, 56.472, 56.84, 56.84
2.41, 57.0426, 57.2729, 57.2729
2.42, 57.6175, 57.7076, 57.7076
2.43, 58.1967, 58.1441, 58.1441
2.44, 58.7804, 58.5824, 58.5824
2.45, 59.3684, 59.0225, 59.0225
2.46, 59.9608, 59.4644, 59.4644
2.47, 60.5577, 59.9081, 59.9081
2.48, 61.159, 60.3536, 60.3536
2.49, 61.7647, 60.8009, 60.8009
2.5, 62.375, 61.25, 61.25
2.51, 62.9898, 61.7009, 61.7009
2.52, 63.609, 62.1536, 62.1536
2.53, 64.2328, 62.6081, 62.6081
2.54, 64.8612, 63.0644, 63.0644
2.55, 65.4941, 63.5225, 63.5225
2.56, 66.1316, 63.9824, 63.9824
2.57, 66.7738, 64.4441, 64.4441
2.58, 67.4205, 64.9076, 64.9076
2.59, 68.0719, 65.3729, 65.3729
2.6, 68.728, 65.84, 65.84
2.61, 69.3887, 66.3089, 66.3089
2.62, 70.0542, 66.7796, 66.7796
2.63, 70.7243, 67.2521, 67.2521
2.64, 71.3992, 67.7264, 67.7264
2.65, 72.0789, 68.2025, 68.2025
2.66, 72.7633, 68.6804, 68.6804
2.67, 73.4525, 69.1601, 69.1601
2.68, 74.1465, 69.6416, 69.6416
2.69, 74.8453, 70.1249, 70.1249
2.7, 75.549, 70.61, 70.61
2.71, 76.2575, 71.0969, 71.0969
2.72, 76.9709, 71.5856, 71.5856
2.73, 77.6893, 72.0761, 72.0761
2.74, 78.4125, 72.5684, 72.5684
2.75, 79.1406, 73.0625, 73.0625
2.76, 79.8737, 73.5584, 73.5584
2.77, 80.6118, 74.0561, 74.0561
2.78, 81.3549, 74.5556, 74.5556
2.79, 82.1029, 75.0569, 75.0569
2.8, 82.856, 75.56, 75.56
2.81, 83.6141, 76.0649, 76.0649
2.82, 84.3773, 76.5716, 76.5716
2.83, 85.1456, 77.0801, 77.0801
2.84, 85.9189, 77.5904, 77.5904
2.85, 86.6974, 78.1025, 78.1025
2.86, 87.481, 78.6164, 78.6164
2.87, 88.2697, 79.1321, 79.1321
2.88, 89.0636, 79.6496, 79.6496
2.89, 89.8627, 80.1689, 80.1689
2.9, 90.667, 80.69, 80.69
2.91, 91.4765, 81.2129, 81.2129
2.92, 92.2913, 81.7376, 81.7376
2.93, 93.1113, 82.2641, 82.2641
2.94, 93.9366, 82.7924, 82.7924
2.95, 94.7671, 83.3225, 83.3225
2.96, 95.603, 83.8544, 83.8544
2.97, 96.4442, 84.3881, 84.3881
2.98, 97.2908, 84.9236, 84.9236
2.99, 98.1427, 85.4609, 85.4609
3, 99, 86, 86
3.01, 99.8627, 86.5409, 86.5409
3.02, 100.731, 87.0836, 87.0836
3.03, 101.604, 87.6281, 87.6281
3.04, 102.483, 88.1744, 88.1744
3.05, 103.368, 88.7225, 88.7225
3.06, 104.258, 89.2724, 89.2724
3.07, 105.153, 89.8241, 89.8241
3.08, 106.054, 90.3776, 90.3776
3.09, 106.961, 90.9329, 90.9329
3.1, 107.873, 91.49, 91.49
3.11, 108.791, 92.0489, 92.0489
3.12, 109.714, 92.6096, 92.6096
3.13, 110.643, 93.1721, 93.1721
3.14, 111.577, 93.7364, 93.7364
3.15, 112.518, 94.3025, 94.3025
3.16, 113.463, 94.8704, 94.8704
3.17, 114.415, 95.4401, 95.4401
3.18, 115.372, 96.0116, 96.0116
3.19, 116.335, 96.5849, 96.5849
3.2, 117.304, 97.16, 97.16
3.21, 118.278, 97.7369, 97.7369
3.22, 119.259, 98.3156, 98.3156
3.23, 120.245, 98.8961, 98.8961
3.24, 121.237, 99.4784, 99.4784
3.25, 122.234, 100.062, 100.062
3.26, 123.238, 100.648, 100.648
3.27, 124.247, 101.236, 101.236
3.28, 125.263, 101.826, 101.826
3.29, 126.284, 102.417, 102.417
3.3, 127.311, 103.01, 103.01
3.31, 128.344, 103.605, 103.605
3.32, 129.383, 104.202, 104.202
3.33, 130.428, 104.8, 104.8
3.34, 131.479, 105.4, 105.4
3.35, 132.536, 106.002, 106.002
3.36, 133.599, 106.606, 106.606
3.37, 134.668, 107.212, 107.212
3.38, 135.743, 107.82, 107.82
3.39, 136.825, 108.429, 108.429
3.4, 137.912, 109.04, 109.04
3.41, 139.005, 109.653, 109.653
3.42, 140.105, 110.268, 110.268
3.43, 141.211, 110.884, 110.884
3.44, 142.323, 111.502, 111.502
3.45, 143.441, 112.122, 112.122
3.46, 144.565, 112.744, 112.744
3.47, 145.696, 113.368, 113.368
3.48, 146.833, 113.994, 113.994
3.49, 147.976, 114.621, 114.621
3.5, 149.125, 115.25, 115.25
3.51, 150.281, 115.881, 115.881
3.52, 151.443, 116.514, 116.514
3.53, 152.611, 117.148, 117.148
3.54, 153.786, 117.784, 117.784
3.55, 154.967, 118.422, 118.422
3.56, 156.154, 119.062, 119.062
3.57, 157.348, 119.704, 119.704
3.58, 158.548, 120.348, 120.348
3.59, 159.755, 120.993, 120.993
3.6, 160.968, 121.64, 121.64
3.61, 162.188, 122.289, 122.289
3.62, 163.414, 122.94, 122.94
3.63, 164.646, 123.592, 123.592
3.64, 165.886, 124.246, 124.246
3.65, 167.131, 124.902, 124.902
3.66, 168.384, 125.56, 125.56
3.67, 169.643, 126.22, 126.22
3.68, 170.908, 126.882, 126.882
3.69, 172.18, 127.545, 127.545
3.7, 173.459, 128.21, 128.21
3.71, 174.744, 128.877, 128.877
3.72, 176.037, 129.546, 129.546
3.73, 177.335, 130.216, 130.216
3.74, 178.641, 130.888, 130.888
3.75, 179.953, 131.562, 131.562
3.76, 181.272, 132.238, 132.238
3.77, 182.598, 132.916, 132.916
3.78, 183.93, 133.596, 133.596
3.79, 185.27, 134.277, 134.277
3.8, 186.616, 134.96, 134.96
3.81, 187.969, 135.645, 135.645
3.82, 189.329, 136.332, 136.332
3.83, 190.696, 137.02, 137.02
3.84, 192.069, 137.71, 137.71
3.85, 193.45, 138.402, 138.402
3.86, 194.837, 139.096, 139.096
3.87, 196.232, 139.792, 139.792
3.88, 197.633, 140.49, 140.49
3.89, 199.042, 141.189, 141.189
3.9, 200.457, 141.89, 141.89
3.91, 201.879, 142.593, 142.593
3.92, 203.309, 143.298, 143.298
3.93, 204.745, 144.004, 144.004
3.94, 206.189, 144.712, 144.712
3.95, 207.64, 145.422, 145.422
3.96, 209.097, 146.134, 146.134
3.97, 210.562, 146.848, 146.848
3.98, 212.034, 147.564, 147.564
3.99, 213.514, 148.281, 148.281
4, 215, 149, 149
4.01, 216.494, 149.721, 149.721
4.02, 217.994, 150.444, 150.444
4.03, 219.502, 151.168, 151.168
4.04, 221.018, 151.894, 151.894
4.05, 222.54, 152.622, 152.622
4.06, 224.07, 153.352, 153.352
4.07, 225.607, 154.084, 154.084
4.08, 227.152, 154.818, 154.818
4.09, 228.704, 155.553, 155.553
4.1, 230.263, 156.29, 156.29
4.11, 231.83, 157.029, 157.029
4.12, 233.404, 157.77, 157.77
4.13, 234.985, 158.512, 158.512
4.14, 236.574, 159.256, 159.256
4.15, 238.17, 160.002, 160.002
4.16, 239.774, 160.75, 160.75
4.17, 241.385, 161.5, 161.5
4.18, 243.004, 162.252, 162.252
4.19, 244.63, 163.005, 163.005
4.2, 246.264, 163.76, 163.76
4.21, 247.905, 164.517, 164.517
4.22, 249.554, 165.276, 165.276
4.23, 251.211, 166.036, 166.036
4.24, 252.875, 166.798, 166.798
4.25, 254.547, 167.562, 167.562
4.26, 256.226, 168.328, 168.328
4.27, 257.913, 169.096, 169.096
4.28, 259.608, 169.866, 169.866
4.29, 261.311, 170.637, 170.637
4.3, 263.021, 171.41, 171.41
4.31, 264.739, 172.185, 172.185
4.32, 266.465, 172.962, 172.962
4.33, 268.198, 173.74, 173.74
4.34, 269.94, 174.52, 174.52
4.35, 271.689, 175.302, 175.302
4.36, 273.446, 176.086, 176.086
4.37, 275.21, 176.872, 176.872
4.38, 276.983, 177.66, 177.66
4.39, 278.764, 178.449, 178.449
4.4, 280.552, 179.24, 179.24
4.41, 282.348, 180.033, 180.033
4.42, 284.153, 180.828, 180.828
4.43, 285.965, 181.624, 181.624
4.44, 287.785, 182.422, 182.422
4.45, 289.613, 183.222, 183.222
4.46, 291.45, 184.024, 184.024
4.47, 293.294, 184.828, 184.828
4.48, 295.146, 185.634, 185.634
4.49, 297.007, 186.441, 186.441
4.5, 298.875, 187.25, 187.25
4.51, 300.752, 188.061, 188.061
4.52, 302.636, 188.874, 188.874
4.53, 304.529, 189.688, 189.688
4.54, 306.43, 190.504, 190.504
4.55, 308.339, 191.322, 191.322
4.56, 310.256, 192.142, 192.142
4.57, 312.182, 192.964, 192.964
4.58, 314.116, 193.788, 193.788
4.59, 316.058, 194.613, 194.613
4.6, 318.008, 195.44, 195.44
4.61, 319.967, 196.269, 196.269
4.62, 321.933, 197.1, 197.1
4.63, 323.909, 197.932, 197.932
4.64, 325.892, 198.766, 198.766
4.65, 327.884, 199.602, 199.602
4.66, 329.884, 200.44, 200.44
4.67, 331.893, 201.28, 201.28
4.68, 333.91, 202.122, 202.122
4.69, 335.935, 202.965, 202.965
4.7, 337.969, 203.81, 203.81
4.71, 340.011, 204.657, 204.657
4.72, 342.062, 205.506, 205.506
4.73, 344.121, 206.356, 206.356
4.74, 346.189, 207.208, 207.208
4.75, 348.266, 208.062, 208.062
4.76, 350.351, 208.918, 208.918
4.77, 352.444, 209.776, 209.776
4.78, 354.546, 210.636, 210.636
4.79, 356.657, 211.497, 211.497
4.8, 358.776, 212.36, 212.36
4.81, 360.904, 213.225, 213.225
4.82, 363.041, 214.092, 214.092
4.83, 365.186, 214.96, 214.96
4.84, 367.34, 215.83, 215.83
4.85, 369.502, 216.702, 216.702
4.86, 371.674, 217.576, 217.576
4.87, 373.854, 218.452, 218.452
4.88, 376.043, 219.33, 219.33
4.89, 378.241, 220.209, 220.209
4.9, 380.447, 221.09, 221.09
4.91, 382.662, 221.973, 221.973
4.92, 384.886, 222.858, 222.858
4.93, 387.119, 223.744, 223.744
4.94, 389.361, 224.632, 224.632
4.95, 391.612, 225.522, 225.522
4.96, 393.872, 226.414, 226.414
4.97, 396.14, 227.308, 227.308
4.98, 398.418, 228.204, 228.204
4.99, 400.704, 229.101, 229.101
5, 403, 230, 230
5.01, 405.305, 230.901, 230.901
5.02, 407.618, 231.804, 231.804
5.03, 409.941, 232.708, 232.708
5.04, 412.272, 233.614, 233.614
5.05, 414.613, 234.522, 234.522
5.06, 416.963, 235.432, 235.432
5.07, 419.322, 236.344, 236.344
5.08, 421.69, 237.258, 237.258
5.09, 424.067, 238.173, 238.173
5.1, 426.453, 239.09, 239.09
5.11, 428.848, 240.009, 240.009
5.12, 431.253, 240.93, 240.93
5.13, 433.667, 241.852, 241.852
5.14, 436.09, 242.776, 242.776
5.15, 438.523, 243.702, 243.702
5.16, 440.964, 244.63, 244.63
5.17, 443.415, 245.56, 245.56
5.18, 445.875, 246.492, 246.492
5.19, 448.345, 247.425, 247.425
5.2, 450.824, 248.36, 248.36
5.21, 453.312, 249.297, 249.297
5.22, 455.81, 250.236, 250.236
5.23, 458.317, 251.176, 251.176
5.24, 460.833, 252.118, 252.118
5.25, 463.359, 253.062, 253.062
5.26, 465.895, 254.008, 254.008
5.27, 468.44, 254.956, 254.956
5.28, 470.994, 255.906, 255.906
5.29, 473.558, 256.857, 256.857
5.3, 476.131, 257.81, 257.81
5.31, 478.714, 258.765, 258.765
5.32, 481.306, 259.722, 259.722
5.33, 483.908, 260.68, 260.68
5.34, 486.52, 261.64, 261.64
5.35, 489.141, 262.602, 262.602
5.36, 491.772, 263.566, 263.566
5.37, 494.412, 264.532, 264.532
5.38, 497.063, 265.5, 265.5
5.39, 499.722, 266.469, 266.469
5.4, 502.392, 267.44, 267.44
5.41, 505.071, 268.413, 268.413
5.42, 507.76, 269.388, 269.388
5.43, 510.459, 270.364, 270.364
5.44, 513.168, 271.342, 271.342
5.45, 515.886, 272.322, 272.322
5.46, 518.614, 273.304, 273.304
5.47, 521.352, 274.288, 274.288
5.48, 524.1, 275.274, 275.274
5.49, 526.857, 276.261, 276.261
5.5, 529.625, 277.25, 277.25
5.51, 532.402, 278.241, 278.241
5.52, 535.19, 279.234, 279.234
5.53, 537.987, 280.228, 280.228
5.54, 540.794, 281.224, 281.224
5.55, 543.612, 282.222, 282.222
5.56, 546.439, 283.222, 283.222
5.57, 549.276, 284.224, 284.224
5.58, 552.123, 285.228, 285.228
5.59, 554.981, 286.233, 286.233
5.6, 557.848, 287.24, 287.24
5.61, 560.725, 288.249, 288.249
5.62, 563.613, 289.26, 289.26
5.63, 566.511, 290.272, 290.272
5.64, 569.418, 291.286, 291.286
5.65, 572.336, 292.302, 292.302
5.66, 575.264, 293.32, 293.32
5.67, 578.203, 294.34, 294.34
5.68, 581.151, 295.362, 295.362
5.69, 584.11, 296.385, 296.385
5.7, 587.079, 297.41, 297.41
5.71, 590.058, 298.437, 298.437
5.72, 593.048, 299.466, 299.466
5.73, 596.048, 300.496, 300.496
5.74, 599.058, 301.528, 301.528
5.75, 602.078, 302.562, 302.562
5.76, 605.109, 303.598, 303.598
5.77, 608.15, 304.636, 304.636
5.78, 611.202, 305.676, 305.676
5.79, 614.264, 306.717, 306.717
5.8, 617.336, 307.76, 307.76
5.81, 620.419, 308.805, 308.805
5.82, 623.512, 309.852, 309.852
5.83, 626.616, 310.9, 310.9
5.84, 629.73, 311.95, 311.95
5.85, 632.855, 313.002, 313.002
5.86, 635.99, 314.056, 314.056
5.87, 639.136, 315.112, 315.112
5.88, 642.292, 316.17, 316.17
5.89, 645.459, 317.229, 317.229
5.9, 648.637, 318.29, 318.29
5.91, 651.825, 319.353, 319.353
5.92, 655.024, 320.418, 320.418
5.93, 658.234, 321.484, 321.484
5.94, 661.454, 322.552, 322.552
5.95, 664.685, 323.622, 323.622
5.96, 667.926, 324.694, 324.694
5.97, 671.179, 325.768, 325.768
5.98, 674.442, 326.844, 326.844
5.99, 677.715, 327.921, 327.921
6, 681, 329, 329
6.01, 684.295, 330.081, 330.081
6.02, 687.602, 331.164, 331.164
6.03, 690.919, 332.248, 332.248
6.04, 694.247, 333.334, 333.334
6.05, 697.585, 334.422, 334.422
6.06, 700.935, 335.512, 335.512
6.07, 704.296, 336.604, 336.604
6.08, 707.667, 337.698, 337.698
6.09, 711.05, 338.793, 338.793
6.1, 714.443, 339.89, 339.89
6.11, 717.847, 340.989, 340.989
6.12, 721.263, 342.09, 342.09
6.13, 724.689, 343.192, 343.192
6.14, 728.127, 344.296, 344.296
6.15, 731.575, 345.402, 345.402
6.16, 735.035, 346.51, 346.51
6.17, 738.505, 347.62, 347.62
6.18, 741.987, 348.732, 348.732
6.19, 745.48, 349.845, 349.845
6.2, 748.984, 350.96, 350.96
6.21, 752.499, 352.077, 352.077
6.22, 756.026, 353.196, 353.196
6.23, 759.563, 354.316, 354.316
6.24, 763.112, 355.438, 355.438
6.25, 766.672, 356.562, 356.562
6.26, 770.243, 357.688, 357.688
6.27, 773.826, 358.816, 358.816
6.28, 777.419, 359.946, 359.946
6.29, 781.025, 361.077, 361.077
